219
71
21
46
208
169
224
36
183
157
212
20
74
77
171
107
155
204
75
11
243
241
130
19
64
29
176
96
56
105
227
60
143
136
207
185
249
151
119
223
53
87
9
190
163
200
232
246
90
240
79
153
48
15
12
137
115
61
162
203
31
78
144
233
101
202
228
81
147
102
168
22
40
193
41
142
117
72
25
8
216
6
195
68
192
148
221
50
201
104
69
55
235
211
128
23
93
43
97
187
213
18
108
99
65
164
194
121
127
82
129
248
80
42
103
91
244
229
238
141
134
152
51
118
215
100
88
13
83
95
106
124
230
181
132
239
38
114
2
126
62
17
98
44
199
5
122
57
30
73
112
52
59
26
16
120
133
242
139
225
150
177
214
33
222
156
135
236
24
189
191
66
159
188
149
14
178
47
205
113
4
49
1
146
172
32
182
89
179
10
54
218
186
111
198
174
220
138
85
154
206
245
7
28
197
109
34
231
131
237
184
175
0
27
86
140
166
209
180
45
160
37
94
84
63
170
39
226
210
70
173
35
217
167
165
234
161
67
92
247
110
158
196
116
123
145
3
58
76
125
