0 
3 
6 8 
6 
6 
0 
1 
6 
8 9 
8 
8 
0 
8 
6 
1 
10 
3 7 
10 
5 4 
11 6 
10 
4 
1 9 
2 11 
1 2 
5 
0 
1 4 
2 
2 
10 4 
11 
5 8 
8 7 
0 8 
2 
3 10 
6 
4 6 
10 
0 2 
2 1 
8 
1 
4 
9 
8 11 
11 
0 
3 
6 1 
1 9 
0 10 
1 0 
8 
5 1 
1 11 
1 
11 0 
6 
0 
3 
5 
10 5 
10 0 
9 5 
0 
3 8 
3 
7 
9 
8 10 
7 5 
1 0 
3 
3 
9 0 
1 
2 7 
4 2 
10 9 
6 
10 9 
0 
0 
9 3 
5 6 
0 8 
9 10 
3 
9 
10 4 
3 
3 
3 
8 
5 
5 11 
8 
2 10 
5 10 
10 6 
11 5 
2 
10 
0 3 
1 10 
4 
4 11 
7 11 
4 
0 1 
1 
4 1 
8 
1 
0 4 
9 
6 
9 4 
9 
2 
1 11 
6 4 
2 
9 
8 3 
10 8 
11 
0 
1 
0 
3 
9 4 
11 
10 
2 
11 10 
7 
7 4 
7 5 
5 
3 
4 2 
4 5 
5 7 
6 10 
3 2 
6 
2 
10 
11 
11 8 
3 
4 
4 
8 
5 
2 
5 
4 
0 
0 1 
8 
8 
7 2 
5 8 
10 
4 
6 2 
8 
2 10 
6 4 
11 
4 
9 
11 6 
8 5 
11 9 
2 9 
7 0 
0 
3 
0 
10 6 
1 10 
2 
11 
2 
0 
4 2 
3 
11 7 
3 
10 4 
4 10 
8 
5 
11 5 
5 
7 
8 
2 
8 
9 
2 1 
6 3 
10 1 
1 
11 3 
7 
5 
9 10 
10 
1 6 
4 10 
10 3 
4 3 
9 4 
1 7 
0 
1 
0 3 
8 
2 
0 
9 1 
11 
0 
2 1 
3 
9 
2 
9 
11 
3 
8 
1 2 
3 
3 
4 
11 
1 7 
8 2 
11 7 
7 
8 5 
3 
0 8 
2 9 
