37.4836 33.6956 44.6309 40.3838 56.9968 36.6544 33.8918 21.4838 34.1241 24.3623 47.8531 48.7774
34.3087 44.5893 49.5471 38.2416 54.6232 39.1676 27.2441 38.3894 36.7774 32.5558 49.8409 47.8651
38.2384 50.6108 33.0072 40.1206 50.2982 25.0313 25.9090 31.7296 33.5379 17.7441 43.3435 37.6710
42.6151 45.1623 42.8148 50.2682 46.7653 36.8703 29.9831 25.8468 35.9602 24.9396 41.9388 39.2458
33.8292 32.4032 36.7468 40.2530 53.4911 41.1383 29.1491 37.5560 28.0319 18.7380 39.5742 39.6303
33.8293 37.5788 37.5644 58.1619 51.9674 28.9518 27.7339 41.8683 38.5665 26.8182 40.8729 37.7417
42.8961 46.3346 37.0380 47.4666 54.4760 43.3629 33.4819 34.3128 37.5060 29.4344 59.7455 40.9751
38.8372 36.4617 35.6800 45.9242 53.1759 37.0951 34.7765 39.7644 33.4146 22.8962 51.2234 36.2086
32.6526 42.2191 40.2426 40.7082 55.2478 31.4749 30.4420 43.0614 40.7962 11.9789 38.2446 34.3469
37.7128 43.8732 35.8452 48.5015 47.3238 34.7212 37.3877 41.5746 42.1879 25.9947 38.3877 43.1136
32.6829 35.3653 41.3523 42.1218 56.5870 37.7916 24.2916 43.1998 29.4622 27.1837 47.4093 43.1476
32.6714 39.7024 39.7488 45.6100 50.9880 35.3800 29.0317 38.7106 33.6864 27.0215 47.7363 35.9784
36.2098 23.7937 38.8053 57.8004 60.3763 37.6938 26.4159 35.3772 33.6543 31.1789 47.7444 44.4768
25.4336 34.8781 35.4622 44.5197 46.5541 30.3966 20.6673 26.9902 32.8005 19.6447 43.7252 36.8421
26.3754 38.7372 37.1161 50.7464 58.6798 35.8468 29.5866 33.7697 41.6474 28.4011 44.3727 41.2658
32.1886 33.7611 43.7770 41.4841 50.9896 27.9314 29.3913 30.7838 36.5309 30.9625 46.6394 44.1017
29.9358 48.1621 42.5046 44.8251 46.7429 34.4439 37.5672 45.8547 36.1774 16.1071 45.4295 39.8319
36.5712 32.8493 35.1122 53.8540 47.5806 30.4805 33.1541 34.1206 27.4807 26.5983 33.9035 42.2737
30.4599 37.7998 40.4967 41.8652 48.3983 31.3224 24.8791 35.6160 40.6771 22.4791 43.8510 37.4179
27.9385 40.6537 43.7569 54.0622 52.1208 41.1805 39.2705 37.7574 31.3037 24.5924 40.7430 39.0177
42.3282 47.2064 31.6530 48.5388 52.6142 40.4566 36.1052 35.2180 37.7997 26.7384 45.8761 38.9707
33.8711 32.8207 42.7168 42.1877 47.1315 38.0457 32.9105 43.4753 38.8869 22.5639 59.9263 36.2671
35.3376 45.8158 36.6869 48.1620 49.8782 29.5384 28.8676 31.8868 44.3033 21.6215 46.8374 39.1161
27.8763 40.0512 42.8530 49.8628 60.7114 33.4180 25.2028 35.9730 30.9559 25.1708 43.4324 32.2569
32.2781 35.0925 36.1837 48.1090 58.6377 41.0655 28.1390 31.2876 22.4024 19.5638 49.6090 37.5442
35.5546 42.3105 30.9756 37.1489 52.1816 35.7086 35.4437 28.3999 38.4192 19.5709 47.4134 38.5756
29.2450 40.9953 31.8623 41.3643 50.1900 46.5966 39.4229 31.9412 46.5026 28.3969 47.1005 38.7191
36.8785 36.9989 40.2404 43.7624 50.6002 36.9666 37.7162 34.8148 43.6947 19.2560 48.0343 38.7925
31.9968 40.3490 41.2986 44.6278 53.0676 35.9602 27.5558 32.8535 38.5483 28.3316 55.2827 39.6912
33.5415 38.0734 35.4784 48.1034 44.8860 33.4544 24.4019 31.5379 35.0418 27.3130 39.3456 42.3972
31.9915 40.5676 43.1930 45.8885 48.7131 35.6677 30.7044 27.9684 41.5356 16.3710 47.3682 44.3726
44.2614 43.3107 31.6924 38.3233 41.6571 34.2377 21.1578 34.5845 32.6323 21.6122 40.3681 36.7512
34.9325 47.9301 39.6696 46.9010 51.9961 38.5405 31.6158 27.4764 39.8818 30.9705 47.7776 33.9840
29.7114 33.8109 33.9449 48.0529 53.2360 39.7835 29.2620 38.8003 40.0274 20.0942 40.4066 34.7898
39.1127 50.6652 36.7408 47.7990 47.5841 31.0701 27.6698 35.4122 42.8010 22.6780 42.9132 37.5640
28.8958 30.2396 40.2370 50.4039 57.8699 28.3438 22.0265 27.7122 51.2983 27.3103 43.5246 38.2404
36.0443 39.2411 35.6979 49.1696 43.8712 25.8190 32.5680 33.4540 39.4621 28.9170 49.8791 36.1500
25.2016 42.9416 38.0772 47.2959 42.6781 37.5400 27.3365 31.2392 34.9552 23.7423 49.5923 33.5194
28.3591 41.4050 45.0315 44.6492 51.1223 29.4832 24.1504 36.5959 37.3721 22.0124 38.7714 37.7194
35.9843 36.8865 37.1155 36.6952 55.2355 24.2355 15.6387 41.7023 28.6546 32.1118 45.2747 40.9071
38.6923 38.9594 44.1785 47.1481 58.4196 36.9429 29.8624 25.6241 34.0264 33.6945 41.4521 42.9751
35.8568 37.5350 34.3515 46.0384 47.7056 47.4650 38.8613 35.5751 35.4536 29.8943 38.7075 37.2129
34.4218 37.0532 42.6490 46.3579 55.3934 34.9696 38.3063 34.1993 34.8796 25.4266 43.9149 37.9350
33.4945 44.2480 47.2078 38.6163 49.8075 39.1925 27.7145 38.3567 38.2618 20.9587 43.4576 35.3665
27.6074 41.7851 27.6418 39.5947 49.1369 35.4091 26.9889 36.0660 33.3879 20.8478 57.1336 39.8428
31.4008 36.5355 36.0155 50.2658 54.4183 34.5056 32.3439 31.2402 43.1052 27.6126 47.1648 35.7579
32.6968 44.4980 42.8854 44.8022 53.2616 39.5954 25.0081 33.4047 37.5010 27.0920 38.1119 42.8656
40.2856 41.5365 38.9848 48.4075 42.1180 33.5486 31.5090 31.0199 37.4535 32.0080 42.1761 31.0707
36.7181 44.0643 41.8557 45.1416 57.3827 36.3370 33.8304 40.3800 35.8605 28.2523 50.1069 38.2019
26.1848 43.1481 36.9801 45.1488 56.9005 36.6085 36.1347 35.1066 38.2760 17.4846 55.4422 41.5055
36.6204 35.8550 40.4329 49.6914 46.8722 31.6595 29.4992 44.5060 41.6255 30.2597 37.0701 40.9192
33.0746 37.1991 39.2216 42.4198 51.9790 39.9602 28.9816 34.6967 33.1643 20.0097 35.6004 53.4652
31.6154 43.7365 45.8389 45.4806 52.4702 34.1252 25.6101 31.4580 34.2094 23.0801 54.3548 41.7490
38.0584 43.0519 41.2721 42.6886 51.3034 31.2213 25.8656 27.4314 35.9814 26.2510 46.9481 34.9797
40.1550 39.8955 41.6880 42.8275 47.2485 37.6825 28.8676 25.9843 30.7706 34.9783 40.6585 39.5227
39.6564 40.5866 37.9406 43.4541 46.6419 30.5077 31.8368 27.0793 33.4037 40.5496 47.6731 31.1188
30.8039 46.3883 37.5620 46.1107 49.8722 35.1409 34.5679 36.3356 35.1189 28.0336 31.8213 39.5970
33.4539 37.0421 37.8372 42.6063 55.8636 34.9544 25.9841 37.5436 41.8719 24.0840 45.0169 35.8347
36.6563 42.7355 41.9723 51.2788 52.7180 40.4295 37.4634 27.0940 38.8128 27.6725 46.6391 44.5770
39.8777 38.9890 37.8951 40.5270 48.1469 37.3735 28.6444 39.4752 38.4679 29.4383 49.6214 37.2523
32.6041 38.9116 41.4489 44.0656 53.8585 34.8749 29.8932 32.5847 41.7545 23.3967 39.9305 39.4162
34.0717 45.4939 50.3770 42.8013 35.7573 39.0888 26.2639 35.7340 36.8131 33.9761 45.4284 36.8222
29.4683 44.1271 44.3556 52.2349 55.7438 41.9510 17.8788 43.0611 39.4523 26.1504 40.3729 48.6943
29.0190 44.0675 38.3699 45.9828 41.3014 37.7891 34.4202 39.4842 36.9839 27.4887 46.2769 38.3938
39.0626 46.5274 46.0061 50.1592 48.1878 35.0518 33.6842 33.6573 38.8268 28.3296 40.5233 49.1628
41.7812 40.1050 37.9596 37.5722 44.4017 28.4408 28.5934 30.5440 34.5862 27.1079 42.9595 44.0708
34.6399 43.4098 29.8094 46.3353 43.5266 29.6744 30.3350 24.2409 25.3059 29.1947 40.0209 42.4103
40.0177 38.4487 34.9596 49.4482 55.8041 33.4739 32.5797 31.4042 36.8286 21.9137 48.2557 41.8437
36.8082 41.6208 30.6460 45.4114 47.6615 31.9524 22.1873 33.9443 44.6137 22.2085 49.2923 41.9690
31.7744 39.3493 38.2424 50.3274 51.7325 34.0651 27.3547 30.0641 42.1311 19.4992 43.8269 30.3616
36.8070 40.4850 40.0921 42.4136 49.7654 35.2832 33.9713 34.3437 42.3270 27.1975 45.1912 38.6056
42.6902 42.9758 48.3822 52.0467 52.3852 37.6485 23.7286 35.3843 43.6807 28.8947 37.7570 44.2258
34.8209 35.9089 41.6346 56.4945 50.3841 34.6475 31.4678 33.8757 37.9433 27.2889 43.5016 39.7555
42.8232 50.4619 38.9045 43.1858 43.5850 37.4325 23.2171 31.7500 38.4866 33.3725 44.7490 32.9741
21.9013 34.9699 44.1470 42.7725 54.9813 35.3224 32.3321 35.8433 34.4117 24.9720 58.1040 39.7380
39.1095 33.9291 28.9443 52.2669 47.5312 25.1227 29.8218 37.2097 35.9196 28.3437 39.4402 48.5205
35.4352 45.7906 41.1781 52.8979 42.2171 30.3033 21.9243 29.5480 40.5789 19.5415 52.3209 46.2345
33.5050 43.9583 43.8543 42.3857 47.8594 34.2796 35.8237 42.0547 43.5194 23.0645 49.9843 39.6900
35.4588 43.1206 32.6071 42.8991 57.5038 28.9515 26.3270 34.5071 36.8028 28.4777 46.4032 44.7572
25.0622 43.1417 45.7188 43.5911 54.2511 37.9996 25.9487 35.0942 35.2491 29.2455 53.7931 38.1675
33.9016 39.9388 41.6925 38.2777 48.2567 42.6538 31.0028 38.5411 37.5026 23.5302 46.8605 31.4806
36.7856 35.5137 37.9236 40.4067 48.2537 41.0938 35.7432 36.1661 40.5060 24.6420 46.9458 35.3777
42.3895 40.3790 43.1639 39.9793 48.3918 33.9328 24.9209 39.7657 30.2807 17.4106 44.7344 47.8144
32.4086 36.6142 51.3535 41.1610 60.3837 42.4536 30.3084 36.4356 26.0191 23.2149 51.1178 38.6300
30.9575 44.8756 40.9093 44.8266 51.9097 35.7433 32.1441 31.9378 34.7473 29.4519 50.4823 38.7831
32.4912 39.2647 41.2411 46.1711 52.1502 33.3146 33.4655 36.8075 31.3964 27.8760 41.8716 38.5008
39.5770 35.8725 37.7032 52.7525 55.1514 31.9330 30.8822 29.2814 34.9593 27.5033 38.4038 49.5207
36.6438 38.3931 35.7508 40.0082 51.1939 33.4877 28.1649 35.5428 36.7611 25.2489 43.9851 48.1298
32.3512 42.0647 44.1517 49.9216 48.7048 33.0591 25.8620 34.8339 35.2338 25.0353 40.9998 51.0939
37.5663 37.1814 35.7196 43.9301 49.0183 35.8521 30.4307 33.9594 44.7623 21.6984 44.6824 39.2048
35.4854 35.8889 40.3578 44.7527 49.6420 35.8029 24.6393 34.3573 39.1337 28.4941 51.1872 41.4781
39.8432 41.2184 37.6117 48.3741 49.8139 35.0152 15.3932 25.5908 39.0024 27.1049 42.7135 32.4168
31.4897 41.2248 42.3949 39.3864 53.6381 37.1847 32.1828 32.2564 40.6110 27.4601 44.7859 47.3847
33.3617 37.4653 41.6683 46.9120 50.2597 40.9532 34.5197 35.4642 31.8058 22.3698 45.2901 34.1611
33.0395 37.6448 45.1877 45.8323 53.6632 39.7478 18.1853 35.7993 42.6956 14.2333 49.2422 41.0839
27.6824 41.1602 37.4499 47.4623 49.5964 27.5755 24.9513 29.8616 37.1212 30.4858 33.7656 34.5135
36.4806 32.7596 38.6506 46.4458 50.3932 22.2304 33.0958 41.3285 40.8524 22.6058 41.9665 37.0557
36.3053 32.9627 35.1062 57.2765 40.0090 39.6716 40.2875 30.6691 32.1407 20.6861 46.0564 35.8137
35.0256 36.4078 37.7785 41.8113 54.5816 28.1656 30.1040 39.8473 29.7312 28.4674 51.0004 36.9606
33.8271 38.9328 41.8865 42.3450 51.7324 33.8762 26.3600 37.1360 41.5894 23.0399 42.5405 37.3044
27.9231 41.5545 43.7849 41.8843 54.9901 29.1494 29.0855 31.7689 39.3820 30.2997 35.6172 37.2587
32.8968 47.3768 35.3892 42.2226 35.5187 25.9901 36.8744 43.8766 32.9897 28.0850 48.0986 44.1667
33.2864 44.2883 44.3480 41.8131 60.4419 37.7073 26.7702 29.0318 33.1517 28.4178 41.8232 34.4757
30.9886 39.2003 46.7782 50.9451 49.3021 38.7958 26.0040 39.5958 43.1272 18.1702 39.0517 41.1027
34.1936 39.9049 42.0672 52.1025 55.5409 32.1174 27.5863 40.0029 31.5529 31.0597 41.8783 46.0898
37.0203 34.9874 49.3840 42.1463 44.8005 22.0448 25.2334 31.6469 45.7134 26.3063 44.0774 37.4340
44.4309 39.9074 36.1311 40.8382 53.0639 32.2688 30.6134 41.9623 32.9969 23.1536 41.9763 36.4104
35.8729 38.5567 33.7767 47.3571 44.7329 36.9590 38.1234 33.7498 40.6920 25.7169 33.9722 38.8474
36.2878 41.6136 31.1064 42.2389 46.8812 27.6054 31.6154 36.4435 35.8569 16.1188 49.4853 45.8986
34.6278 35.8638 47.4802 48.1647 59.5702 35.9168 28.7382 36.3016 40.5159 27.0433 51.3744 40.9705
25.4061 42.5967 43.2718 46.0146 49.0466 34.9235 28.5409 34.3285 34.7794 19.8531 48.2576 37.3439
34.8674 47.6637 39.7221 37.4213 51.0872 37.8965 22.1840 39.0540 36.6860 18.2366 39.3116 42.4194
35.3012 39.4562 41.3998 52.7375 54.3503 35.5979 34.4155 38.9674 37.7046 17.3882 43.9925 34.4885
47.3162 42.0086 34.3726 53.9794 52.4784 30.1347 29.6108 26.2573 32.4891 30.5634 44.9674 43.4068
34.0382 43.4507 52.2288 41.9361 50.7521 40.9829 29.0976 41.5217 41.2041 21.8537 47.9940 42.0430
36.5077 37.9939 40.6461 43.0615 51.8248 34.2074 45.9655 26.6875 34.9339 32.6686 48.3417 38.4610
34.8264 41.1205 40.5470 46.4293 62.0171 34.8635 31.4938 40.1627 36.3570 22.3210 41.3291 35.8071
29.1566 40.0630 43.6288 46.6723 49.7119 30.3337 26.2410 40.6335 32.5283 16.4632 45.4100 35.5666
40.7141 40.4884 42.4050 48.2927 51.0055 32.7836 27.8682 29.5452 24.6883 19.4174 47.2864 42.6741
38.7597 36.1350 41.1194 55.0510 55.2533 30.5760 35.7422 32.9459 36.5449 31.1791 52.2791 46.1449
38.9552 40.1226 36.0476 44.1153 55.5276 34.1353 30.5664 29.4715 49.5631 24.2205 48.5225 36.8135
30.4531 42.4900 42.3573 41.0085 55.9352 43.5585 22.8086 33.9254 41.4230 22.2586 48.9453 42.2919
42.0140 47.2557 49.4101 38.1034 53.1937 28.1405 34.5961 33.4598 37.4037 25.8001 45.4191 29.5649
27.9907 44.7964 46.7271 41.3453 44.2850 26.9322 26.6593 38.8983 36.1855 27.5089 52.0523 37.0769
37.9343 50.7659 47.9659 44.8344 58.1672 42.3559 39.3665 41.5515 37.6123 30.5870 47.0488 39.8447
45.9523 36.1633 37.4439 53.9728 44.2683 33.9534 35.4002 41.9784 40.2356 32.2425 40.6946 35.4516
30.0473 44.3616 35.0520 42.4119 51.5132 31.6546 27.7634 32.1892 31.5959 23.2012 52.0168 35.3175
32.1685 40.9167 39.3711 46.1189 46.2286 40.1995 36.4051 33.9539 43.0716 18.3698 48.4895 36.6611
35.4983 50.9490 40.2786 44.9179 49.6793 31.9719 30.3393 26.5828 41.0769 22.9327 42.7848 41.4610
32.4826 35.9585 45.4710 50.9420 51.6438 44.1300 34.2639 30.9706 41.0909 26.3014 42.6025 39.0634
27.2467 35.8014 31.5377 57.6347 51.6068 38.3896 32.4237 39.8243 39.6924 20.1812 46.4829 28.8088
35.3428 37.0030 47.6478 42.3457 52.1096 32.5604 25.7682 43.0779 37.5981 20.2142 47.3159 29.3965
29.6885 29.3805 39.2100 42.5528 58.0686 45.7865 26.7823 28.8283 40.8643 26.7189 45.9865 36.9657
37.3680 37.3712 37.8656 50.2208 52.2677 31.9714 35.1498 32.0377 40.4591 24.7567 46.5565 42.2884
30.4029 36.2043 34.9395 48.4095 48.7792 38.7105 28.3261 34.8680 35.7298 25.1640 53.4998 26.2625
42.7497 40.7520 31.7257 54.2335 54.8204 36.4965 27.9818 36.4008 34.6320 21.2075 50.3577 37.5013
31.0837 41.7088 44.1159 47.9196 55.9474 41.5087 25.2244 30.9520 38.0093 23.8480 45.9532 37.3688
33.3897 49.3809 40.3666 43.2035 43.8620 42.8076 32.1180 37.1203 45.2451 20.3788 49.7066 46.9417
39.0676 44.7521 33.5502 47.9533 52.9870 35.1600 40.3126 32.6308 31.3045 29.4510 39.8374 38.0749
28.8457 37.1155 33.5246 50.5435 53.5059 31.2329 24.6623 34.9277 30.1624 30.1762 46.9896 41.9149
36.1373 35.5079 38.3211 49.1024 48.5122 37.2999 30.1211 37.7314 38.3238 15.7691 54.0465 40.7063
41.5357 42.4596 48.3451 47.5364 56.8785 31.6114 37.0611 35.0321 37.7544 20.3524 43.9098 29.3472
26.9626 33.3988 38.7020 50.3334 49.2497 45.0669 29.6018 32.8181 38.3667 17.5174 40.7618 43.8410
35.9232 49.1573 32.4843 50.8465 50.6279 35.6827 32.2619 34.4520 38.7198 21.7499 41.7396 41.0770
36.2994 45.8972 38.7713 51.9108 49.1346 33.1734 24.6880 34.5582 36.3840 24.5828 39.5518 42.5413
38.9091 37.6541 38.6364 48.2435 50.0779 35.9234 32.1415 33.1499 44.9493 17.7518 41.0762 59.6312
28.8152 31.4343 26.5156 44.1644 44.5186 28.2644 29.0643 33.7060 29.4955 20.3907 43.1475 29.5794
28.3977 46.7694 39.7285 45.7336 42.7997 30.1419 34.9286 42.9932 33.3575 19.9802 37.9722 48.6235
37.6097 39.4273 38.8453 51.0325 57.9725 41.0021 35.9369 37.8046 36.9837 26.0363 45.0781 38.5628
36.4849 46.1891 43.4810 40.9153 45.7652 31.7155 42.9478 33.5226 29.2841 25.3467 49.5114 41.4366
36.2525 32.0279 49.2448 46.8434 45.0430 29.7654 32.8982 38.4848 36.6207 21.3913 40.4612 39.7724
36.7322 37.0031 45.6328 43.0333 39.2330 37.6833 31.6290 33.3309 45.8074 25.8841 52.5964 37.8788
31.5999 40.0262 38.6556 45.1437 46.8052 40.9285 30.9719 40.8656 37.6044 22.2666 47.5540 37.1508
36.1613 40.2349 34.4674 51.3923 43.3846 38.5948 28.2342 36.8482 38.6535 23.6417 50.1529 41.6475
36.4654 37.7497 52.8668 45.9555 58.2101 39.9802 31.6924 34.4635 31.1992 33.3673 41.7108 32.4141
31.4282 43.1142 40.2961 45.2322 55.0491 31.2160 28.5230 37.2386 34.4182 31.7023 49.2726 43.7529
44.3289 34.6619 40.0696 38.2007 46.5592 27.8909 30.8423 27.1456 35.6240 18.5021 39.5403 37.9190
37.3692 39.2881 39.8794 48.7313 61.2622 42.5067 36.5880 29.3662 35.9114 29.1487 49.4512 34.3497
29.0435 40.6015 40.9904 48.2274 54.9088 33.3866 24.9673 29.0304 43.9082 29.0570 45.8592 37.7499
38.2828 42.5722 39.2782 55.8163 48.3758 33.7458 35.6994 35.7147 40.2885 19.2587 47.7663 46.2857
30.1266 43.5581 37.1317 43.4611 37.5030 41.6410 36.5856 43.6626 31.9427 29.0939 39.1220 37.3233
38.9354 34.3768 37.2657 46.0958 61.4547 37.7812 29.4097 46.1565 38.7325 32.6897 40.5247 41.7923
40.7930 32.3294 39.8362 46.2469 43.0521 37.2794 19.3907 38.1903 39.9911 19.3873 47.9861 36.3452
30.8966 46.3884 37.2829 52.8873 41.7730 45.8250 26.9609 37.5042 43.2007 20.4125 40.2583 43.7896
39.8169 41.6616 36.4358 44.5235 55.1129 31.7824 36.4850 25.9947 45.4027 30.0883 47.3160 43.4275
37.0639 36.2576 40.5322 46.3951 62.1988 39.6392 29.8857 32.2866 32.4245 26.3575 38.1643 49.2430
39.1103 47.7558 38.7251 48.0395 56.9214 35.2851 25.0035 31.0611 33.4457 27.7574 49.2409 39.1222
44.4840 40.5784 47.5200 45.9330 52.8195 36.3430 27.4761 31.8958 31.2121 26.7029 38.8374 43.3433
33.7731 45.8965 26.7452 42.7678 52.9738 42.6423 34.2031 34.1593 36.3299 26.9535 47.7615 40.4903
31.2313 40.3376 45.4575 45.9704 54.2671 37.5392 32.7337 32.6395 39.8318 18.3676 48.1282 46.4794
30.5524 50.3037 46.2304 50.3682 53.7946 37.6915 28.8053 25.1035 42.4367 30.2366 41.5161 36.4058
30.9209 48.7767 29.6330 39.8674 51.4060 40.3625 28.1659 38.7396 37.1202 30.8479 47.9101 43.7250
34.6145 38.7552 38.2866 45.6648 50.5210 33.1752 28.0412 29.6363 35.9008 23.8530 46.3022 39.0265
36.7058 44.8579 38.1428 41.4994 49.6870 30.8040 25.3879 36.1962 38.2588 24.7826 42.3058 39.6791
36.3835 43.2269 32.9624 50.9752 46.2302 29.7760 38.0769 45.3704 33.3243 17.3445 39.9572 40.4588
39.1359 46.8432 36.1109 37.3841 48.5966 25.1682 28.3884 30.4031 47.9477 27.5713 35.1869 41.2612
35.0650 35.1754 34.4471 42.2054 41.5352 45.2810 36.0858 22.3486 29.4617 27.8603 46.7483 39.4189
42.2677 43.4303 48.7614 46.8861 49.5083 29.4840 37.6066 33.5700 38.4237 24.6890 37.1760 41.0736
33.6767 45.2921 44.6784 52.8276 45.0570 33.8937 34.9916 40.5048 47.6180 30.6218 45.4767 47.8906
48.6008 31.2063 46.3578 44.6712 44.4821 33.6159 27.8419 44.7917 37.5340 23.3296 43.6828 44.9272
38.1283 34.0837 43.6084 42.2240 50.8995 36.5370 32.0187 28.8523 36.5498 27.8230 48.3957 44.3458
30.7142 29.8038 34.3547 54.4058 56.9600 39.0787 29.8790 37.4835 35.7128 19.9017 43.4898 37.7223
29.6455 38.6530 37.3774 37.7599 54.5916 39.3024 25.4815 32.6734 36.5980 24.8822 43.3528 35.5538
37.4124 43.5877 42.4469 34.0060 42.1475 32.0846 31.6218 34.4703 44.3642 24.1282 48.6594 44.7765
33.8827 47.5118 33.8894 47.2001 45.0519 34.1644 24.1048 48.2217 26.4407 26.1265 46.6753 44.3802
38.5700 40.3705 43.5650 42.4897 54.7039 36.4129 35.9384 27.4851 45.1672 23.1524 46.5808 47.3634
37.3662 48.1431 38.7984 39.8938 45.0876 33.7565 27.6769 36.2687 30.3802 24.3426 47.3463 36.9801
34.6359 33.0995 38.1259 48.5418 48.8768 43.0367 31.0058 37.3385 36.1667 29.1302 37.3221 38.8523
30.7660 31.4831 43.5548 46.2190 52.7503 37.4549 31.4164 40.4289 35.3538 22.8162 48.7839 31.8026
27.4258 39.7223 42.2213 42.1796 45.1583 38.6744 28.7055 35.4899 40.4428 16.9671 48.0623 38.0376
32.7674 41.9203 38.1952 38.5985 50.5269 38.3144 32.9335 36.5403 29.5094 33.7479 39.9166 44.9829
39.2820 39.8365 45.7966 49.3623 43.3299 40.8674 27.6255 33.0418 39.8109 31.9073 43.7796 37.6675
36.0705 29.6628 34.5947 48.2510 46.9932 35.9051 34.3565 36.3456 47.6215 18.5387 44.8035 43.2024
28.7713 39.5544 43.0797 44.5041 51.5989 28.5158 23.2701 33.2840 30.6841 28.4485 44.3275 39.0475
35.8659 33.4777 42.9655 54.2332 42.0350 36.9984 30.6319 38.1079 38.4485 22.4851 46.6693 41.6203
36.9266 43.3484 38.4523 39.6496 52.2024 31.7432 39.6946 33.1519 34.1901 26.3174 52.1568 34.2615
30.5807 41.8330 41.6307 37.3724 49.9018 32.3569 24.9983 36.8855 39.6294 26.4711 50.4088 40.4260
35.7686 35.3006 33.7444 41.5405 52.7624 37.9318 26.6113 34.8537 37.5957 23.8280 38.4389 25.0443
35.2910 37.4307 44.6201 44.7721 51.1196 41.1914 32.5695 40.6303 34.2926 21.0812 48.1103 39.0655
29.2851 34.7039 39.0755 46.2167 56.8207 35.1064 30.8979 34.7430 39.9394 21.5473 51.6447 31.8476
36.7889 39.6866 37.3864 43.7938 50.6261 36.5442 31.7532 26.1348 46.5217 20.4190 46.9340 46.0300
37.8039 44.7757 45.2450 46.7603 47.8530 43.5111 32.4459 41.3096 36.5455 20.8409 50.4549 43.8870
40.4153 35.0714 36.4783 38.7423 50.6115 36.2038 33.1736 30.4713 41.0988 24.6641 55.0614 42.3334
40.2690 42.5202 32.9577 52.2188 52.7165 48.0084 35.5485 31.7312 31.0336 21.4212 50.1185 47.6050
28.1117 37.3487 32.2169 44.5892 50.2443 37.8275 32.0491 32.0217 32.7178 28.4103 46.2465 35.2554
30.3109 36.0356 43.0300 50.5865 50.2030 26.1962 28.7937 41.8722 39.8620 32.4362 50.2254 48.7368
37.5752 39.4648 33.5979 46.7136 46.4900 38.7667 33.3629 24.3216 44.9206 22.0997 45.7244 44.6610
37.5689 34.8238 48.7740 47.2838 46.6855 36.9058 39.4994 50.6887 39.2781 26.1970 45.1195 38.8172
37.5752 37.2318 29.5904 47.8488 42.9870 41.4488 29.3368 40.2803 35.9347 27.4984 43.2429 45.6781
54.2637 34.0106 48.4823 47.2385 58.7479 38.3659 25.1274 36.1162 37.4965 27.3600 52.8171 34.4685
37.8545 49.8236 41.0551 48.2136 43.7807 34.3077 35.5354 34.7255 31.2480 25.3798 40.9079 35.8774
40.6778 40.1763 39.5164 51.6458 46.5355 28.8785 29.3981 36.4278 40.5226 28.7134 52.6618 36.9571
39.7700 36.5014 37.2754 45.9826 46.4080 33.9549 19.1367 37.6056 41.9117 27.4112 47.4993 37.3551
38.2570 41.0699 41.9957 48.5450 54.4746 30.7474 34.2371 38.2261 35.2395 18.8117 38.0035 34.7172
33.4237 39.4384 39.8118 44.5513 48.5253 32.0974 27.3234 37.7780 35.1498 29.3458 46.8382 46.1154
38.7948 38.8952 45.5165 52.2006 56.2387 37.9429 29.5473 35.4479 38.8294 29.4365 34.4999 38.7057
31.1359 43.0708 40.5711 41.6180 46.6325 43.3495 31.6599 34.0133 35.3164 21.1836 48.1275 41.7625
33.8159 43.7875 40.7515 54.0047 51.3950 36.9734 30.9525 34.2436 37.1693 25.1897 49.4262 37.1482
32.5732 37.3475 38.1819 44.7992 45.8233 29.0206 33.5473 34.0255 47.9986 28.4166 42.0382 30.8970
35.4094 37.1209 39.7153 37.8461 60.7257 37.2230 27.8226 40.6689 36.2649 23.9534 45.6177 41.3503
46.5733 38.6247 41.5390 45.6405 44.0620 40.9832 32.5655 37.9678 35.7083 30.3649 54.7708 30.4387
25.6637 28.4904 31.4492 41.5947 51.5491 31.9511 28.7023 20.2981 34.2623 36.8194 42.4713 39.6568
38.4313 32.4240 33.2591 49.2032 53.1689 34.3299 33.6941 38.2795 41.2210 21.0701 39.7055 33.1584
26.9364 46.8344 43.7163 41.7369 52.0690 35.0734 33.0768 35.9737 36.5939 18.0948 52.4083 49.9364
32.6403 48.2248 40.8543 42.7691 49.0736 31.0755 25.3228 34.9065 34.2531 26.5191 54.8129 44.5568
40.4448 38.7548 39.0801 35.5523 49.3509 38.2414 35.4299 33.0574 44.1065 28.6078 45.0185 40.5288
35.3214 42.8828 40.0922 42.7385 50.2191 34.3953 27.3202 40.6206 44.5980 23.8457 50.0573 46.3185
29.6113 41.5563 41.7379 32.8806 49.2650 37.0977 34.0403 39.7376 34.4979 32.2663 51.7074 35.7684
31.4235 55.3944 37.3012 37.0805 54.8194 30.5625 31.8364 31.1356 28.1673 18.3070 41.2876 42.7174
38.3980 45.5979 36.1085 48.8021 61.0526 32.8127 39.1909 37.0353 42.5376 28.4646 42.5735 40.9991
31.3482 39.3604 40.9792 48.9290 47.2125 38.6119 28.8827 30.1417 34.0769 21.9707 51.1544 41.3201
36.0823 35.2223 35.1081 47.1273 43.1510 33.1358 28.2534 28.1019 41.4531 33.5969 53.4251 46.3618
35.2279 31.9678 42.0413 40.1651 49.5586 43.6348 29.9029 31.8664 27.6495 34.9626 47.8144 43.6625
31.7420 41.0173 31.4871 44.7614 62.8985 33.0018 28.4841 39.3120 41.9630 21.1667 40.6009 41.4436
45.7197 36.2182 45.1458 44.9820 45.9816 36.1234 33.9997 39.7656 31.4441 22.2522 54.9353 31.7256
38.1696 32.8887 42.3630 39.2082 58.1956 39.6630 21.9184 37.5654 41.1538 29.2979 42.3451 35.1998
24.8743 36.7671 41.2801 52.5170 58.3885 27.9082 24.7316 38.6255 37.5714 23.0643 43.3243 39.3865
35.9323 34.5923 44.9135 49.3868 47.2321 26.1960 24.6610 37.5809 32.7303 24.7729 46.7117 40.4669
31.6911 48.4357 48.3274 43.8952 52.8449 27.3717 34.7515 31.7926 35.4648 25.1269 52.7708 34.3490
39.2622 44.4082 45.0719 45.1344 58.1420 41.3129 38.5531 37.1596 40.9316 15.4016 49.2699 52.0584
31.0374 39.9601 30.7956 46.0419 48.1044 32.2407 29.4778 39.0020 38.0295 24.9308 47.0743 47.5820
34.4263 47.3997 33.6021 34.7913 48.9821 47.7910 29.1559 38.7715 40.4221 21.5514 47.3164 43.0106
37.5249 40.3868 36.8759 43.7641 47.0916 32.1788 30.3503 40.9446 47.3822 22.5344 45.2176 40.3602
39.3288 35.6936 40.1305 41.5901 44.9262 35.9228 35.8094 38.5415 29.6788 32.2182 47.7907 38.9390
28.9985 47.6156 42.5883 39.9919 46.7536 42.7105 25.3632 36.7572 45.5861 18.7175 32.3522 35.2404
33.3275 42.6946 36.3713 43.5945 43.8803 45.0305 31.1918 40.3508 38.0218 29.0660 43.5170 40.3874
32.6253 34.8138 40.9338 53.9884 50.1704 45.3075 34.8760 34.8674 33.0061 23.6052 46.2066 41.2888
31.7334 39.0483 36.2231 48.2042 46.1501 41.0418 32.5055 30.5906 30.8484 23.6012 39.2449 33.7912
43.8273 35.6219 36.9424 42.1441 51.1689 40.1203 30.9479 34.1847 36.5544 28.9519 46.9316 41.6709
37.0249 33.0860 32.9667 47.8629 42.2205 37.9626 35.0052 31.2755 42.1083 26.7003 43.9776 39.2237
